100 21899.4 77531.1 3269.9
200 69204.4 147853 6943.4
300 119876 217460 10226
400 178999 286162 14623.7
500 228929 349701 18158.8
600 297645 420221 22519.8
700 346622 502156 27038.1
800 409207 570205 33070.1
900 459378 635872 36062.9
1000 505456 714600 40168.2
1100 564442 847194 45310.7
1200 610611 999759 49867
1300 657953 1.11353e+06 55578.7
1400 727209 1.30269e+06 62574.7
1500 794250 1.45957e+06 67924.1
1600 834111 1.54875e+06 72810.8
1700 881856 1.72104e+06 76309.8
1800 942773 1.84209e+06 84196.3
1900 971481 1.89726e+06 83237
2000 1.04411e+06 2.03088e+06 90293.6
2100 1.08554e+06 2.19333e+06 96829.1
2200 1.12447e+06 2.17384e+06 98501.1
2300 1.21515e+06 2.38009e+06 112065
2400 1.2668e+06 2.34433e+06 115207
2500 1.28593e+06 2.26881e+06 115368
2600 1.3369e+06 2.29562e+06 124161
2700 1.38652e+06 2.40059e+06 125923
2800 1.4407e+06 2.48743e+06 129118
2900 1.51321e+06 2.69899e+06 137549
3000 1.56266e+06 2.84296e+06 141639
3100 1.59902e+06 2.89721e+06 145907
3200 1.65288e+06 2.99782e+06 151562
3300 1.70979e+06 3.12353e+06 157962
3400 1.76113e+06 3.16777e+06 161884
3500 1.82564e+06 3.20319e+06 166462
3600 1.84891e+06 3.2573e+06 175539
3700 1.96592e+06 3.51078e+06 182147
3800 1.96911e+06 3.48226e+06 183187
3900 2.04866e+06 3.51657e+06 186682
4000 2.09833e+06 3.73472e+06 198832
4100 2.13987e+06 3.70595e+06 198892
4200 2.18105e+06 3.75141e+06 203598
4300 2.23887e+06 3.89226e+06 214127
4400 2.31808e+06 3.95983e+06 217028
4500 2.35475e+06 4.02476e+06 221262
4600 2.40304e+06 4.12092e+06 226095
4700 2.44024e+06 4.2129e+06 228988
4800 2.51944e+06 4.50676e+06 245827
4900 2.56767e+06 4.47416e+06 238462
5000 2.61848e+06 4.66817e+06 250122
5100 2.66688e+06 4.82004e+06 250471
5200 2.7281e+06 4.87448e+06 264212
5300 2.77425e+06 4.90088e+06 262553
5400 2.81458e+06 4.94007e+06 265996
5500 2.90265e+06 5.08269e+06 277632
5600 2.90566e+06 5.0094e+06 278356
5700 2.98301e+06 5.15356e+06 289326
5800 3.04777e+06 5.13438e+06 297902
5900 3.09825e+06 5.26842e+06 302603
6000 3.14915e+06 5.25392e+06 305007
6100 3.20495e+06 5.33472e+06 305544
6200 3.25629e+06 5.33829e+06 310578
6300 3.28994e+06 5.52728e+06 317008
6400 3.35641e+06 5.50669e+06 328245
6500 3.43443e+06 5.63559e+06 334859
6600 3.45049e+06 5.68683e+06 337548
6700 3.49189e+06 5.80563e+06 346053
6800 3.58911e+06 5.85327e+06 353433
6900 3.67426e+06 6.0345e+06 359326
7000 3.69202e+06 6.09204e+06 358562
7100 3.71738e+06 6.13848e+06 373318
7200 3.81228e+06 6.23221e+06 373968
7300 3.84194e+06 6.2515e+06 376639
7400 3.90886e+06 6.32009e+06 379601
7500 3.94853e+06 6.40469e+06 387678
7600 3.99934e+06 6.59278e+06 388837
7700 4.10472e+06 6.6535e+06 402530
7800 4.12316e+06 6.66594e+06 410158
7900 4.1642e+06 6.75394e+06 417443
8000 4.24138e+06 6.79676e+06 417106
8100 4.29267e+06 6.86905e+06 421591
8200 4.3247e+06 7.05882e+06 435694
8300 4.39613e+06 7.01679e+06 444170
8400 4.44754e+06 7.0327e+06 442004
8500 4.50906e+06 7.19457e+06 449268
8600 4.54434e+06 7.32018e+06 452824
8700 4.62951e+06 7.37922e+06 450507
8800 4.66405e+06 7.44905e+06 462227
8900 4.73575e+06 7.51814e+06 479544
9000 4.76713e+06 7.62438e+06 480289
9100 4.82309e+06 7.71222e+06 488211
9200 4.87784e+06 7.80821e+06 490382
9300 4.94052e+06 7.81807e+06 503455
9400 5.00985e+06 7.99192e+06 505049
9500 5.0658e+06 7.95372e+06 505705
9600 5.13687e+06 8.10567e+06 509109
9700 5.17154e+06 8.21638e+06 529378
9800 5.23338e+06 8.28535e+06 530642
9900 5.28749e+06 8.30356e+06 532610
