100 2779.6 79617.1 3123.4
200 7586.8 144396 6584.23
300 9769.67 221280 10360.6
400 13334.9 288050 14254.3
500 16654.2 361003 17942.6
600 20521.5 424786 22217.1
700 25279.1 498046 28045.2
800 28903.8 570189 32988.4
900 32869.4 641508 36218.2
1000 38070.6 732002 40726.9
1100 43492.5 854766 45920.1
1200 47591.1 986662 50119.5
1300 50418.3 1.12151e+06 54577.2
1400 55742.8 1.30001e+06 59837.5
1500 60848.2 1.49507e+06 64575.6
1600 63221.5 1.55277e+06 71062.2
1700 70287 1.69947e+06 75075.6
1800 75264.7 1.84347e+06 79720.3
1900 80067.3 1.91192e+06 84278.1
2000 82287.4 2.03938e+06 89658.2
2100 87468.4 2.16345e+06 94287.9
2200 93096.5 2.2067e+06 99103.8
2300 103315 2.40619e+06 107541
2400 103470 2.34317e+06 113092
2500 106487 2.28973e+06 116193
2600 110077 2.32815e+06 120018
2700 116607 2.40923e+06 123238
2800 118892 2.54837e+06 129390
2900 128670 2.71864e+06 135380
3000 136299 2.89121e+06 142248
3100 137097 2.92902e+06 144922
3200 142128 3.01591e+06 147943
3300 146835 3.10604e+06 158018
3400 155087 3.18118e+06 163230
3500 157534 3.21884e+06 164636
3600 167433 3.3462e+06 172986
3700 168381 3.46726e+06 176142
3800 178488 3.51318e+06 181790
3900 179409 3.57043e+06 186242
4000 186808 3.72643e+06 195683
4100 191129 3.72174e+06 198088
4200 199040 3.79976e+06 203902
4300 206274 4.00281e+06 214131
4400 208448 4.01107e+06 217576
4500 214886 4.092e+06 220261
4600 219724 4.19491e+06 227910
4700 226764 4.27006e+06 227066
4800 230286 4.48168e+06 240928
4900 246459 4.58388e+06 244793
5000 252976 4.72328e+06 245842
5100 250689 4.84515e+06 252759
5200 251617 4.92248e+06 257580
5300 267770 5.06278e+06 268181
5400 269515 4.9601e+06 267424
5500 274246 5.13169e+06 276408
5600 281077 5.11009e+06 282459
5700 294048 5.27909e+06 290047
5800 294614 5.19361e+06 286067
5900 299143 5.36148e+06 297583
6000 307901 5.26512e+06 301494
6100 313839 5.4142e+06 305411
6200 319391 5.39443e+06 312857
6300 329886 5.50319e+06 324873
6400 336089 5.53081e+06 330131
6500 347166 5.66782e+06 328606
6600 352366 5.69368e+06 331029
6700 356779 5.92083e+06 343643
6800 367554 5.85321e+06 342718
6900 366089 5.99446e+06 356243
7000 378695 6.19467e+06 359716
7100 387579 6.15132e+06 362471
7200 384733 6.26428e+06 373697
7300 400225 6.2891e+06 373790
7400 409020 6.47106e+06 387474
7500 415390 6.49034e+06 387779
7600 427730 6.60927e+06 396920
7700 430010 6.70548e+06 394335
7800 432607 6.67495e+06 402314
7900 443927 6.80417e+06 414292
8000 452276 6.9086e+06 417261
8100 454187 6.88483e+06 412856
8200 467521 7.09989e+06 426236
8300 469777 7.1311e+06 430635
8400 480926 7.15598e+06 436224
8500 485920 7.27978e+06 438852
8600 495235 7.38944e+06 451064
8700 501955 7.39215e+06 452220
8800 509519 7.53134e+06 460392
8900 519976 7.56857e+06 465376
9000 529023 7.66286e+06 467558
9100 527732 7.69063e+06 474590
9200 543120 7.83826e+06 474174
9300 562064 7.9689e+06 487393
9400 554718 7.98139e+06 495210
9500 563211 8.08923e+06 496835
9600 584048 8.22383e+06 513064
9700 579201 8.21564e+06 514502
9800 583518 8.3526e+06 517949
9900 588363 8.45514e+06 538615
