100 15803.8 761.084 269720
200 50607 1463.19 883460
300 94978.9 2141.97 1.80673e+06
400 151997 2812.39 3.16742e+06
500 204738 3476.5 4.76083e+06
600 266849 4112.92 6.7707e+06
700 329499 4962.97 9.18853e+06
800 393177 5552.69 1.20208e+07
900 455684 6627.51 1.53362e+07
1000 510705 7107.69 1.9191e+07
1100 573909 8436.48 2.33228e+07
1200 633437 10003 2.79392e+07
1300 680709 11153.9 3.28549e+07
1400 762375 12735.5 3.83697e+07
1500 829836 14284.4 4.42926e+07
1600 883504 15159.4 5.05042e+07
1700 932491 16692.1 5.73714e+07
1800 1.04569e+06 18321.1 6.47881e+07
1900 1.05884e+06 18587.5 7.25352e+07
2000 1.11553e+06 20157.6 8.08149e+07
2100 1.18195e+06 21148.7 8.94279e+07
2200 1.23576e+06 21669.1 9.852e+07
2300 1.34189e+06 23589.2 1.08145e+08
2400 1.38795e+06 23422.3 1.18581e+08
2500 1.43545e+06 22357.6 1.28897e+08
2600 1.49083e+06 22848.3 1.39778e+08
2700 1.53978e+06 23566.2 1.51221e+08
2800 1.61064e+06 24716.8 1.62878e+08
2900 1.68797e+06 26578.6 1.75158e+08
3000 1.72943e+06 28223.4 1.88339e+08
3100 1.78974e+06 28662.2 2.01534e+08
3200 1.84537e+06 29529.7 2.15147e+08
3300 1.90874e+06 30382.8 2.29216e+08
3400 1.96839e+06 31353.1 2.43829e+08
3500 2.00519e+06 31549 2.59251e+08
3600 2.09625e+06 32852.9 2.75224e+08
3700 2.14797e+06 34047.7 2.9173e+08
3800 2.21821e+06 34408 3.08596e+08
3900 2.27064e+06 35079.7 3.25712e+08
4000 2.37234e+06 36612.3 3.43764e+08
4100 2.40185e+06 36518.7 3.61774e+08
4200 2.44913e+06 37121.6 3.80169e+08
4300 2.52322e+06 38497.7 3.99219e+08
4400 2.59784e+06 39160.3 4.18567e+08
4500 2.65616e+06 40138.1 4.38866e+08
4600 2.72039e+06 40808.1 4.59996e+08
4700 2.76696e+06 41684.3 4.80929e+08
4800 2.84637e+06 44162.5 5.02864e+08
4900 2.89138e+06 44467.9 5.25432e+08
5000 2.99262e+06 46121.7 5.4806e+08
5100 3.00799e+06 47875.8 5.71477e+08
5200 3.08318e+06 48050.6 5.95265e+08
5300 3.15213e+06 49351.9 6.19939e+08
5400 3.22144e+06 48926.3 6.44585e+08
5500 3.29086e+06 50356.5 6.6956e+08
5600 3.32191e+06 50081 6.95672e+08
5700 3.42525e+06 51565.5 7.22164e+08
5800 3.45979e+06 50771.7 7.48804e+08
5900 3.51814e+06 52257.3 7.76079e+08
6000 3.58576e+06 51826.7 8.03675e+08
6100 3.67281e+06 53144 8.31967e+08
6200 3.70899e+06 52446.1 8.60906e+08
6300 3.79483e+06 54725.4 8.90733e+08
6400 3.83365e+06 54576 9.2024e+08
6500 3.89962e+06 55448.4 9.50655e+08
6600 3.95244e+06 55806.3 9.81343e+08
6700 4.054e+06 58696.6 1.01328e+09
6800 4.09831e+06 57878.6 1.0448e+09
6900 4.14573e+06 59281.6 1.07655e+09
7000 4.23336e+06 59759.1 1.10988e+09
7100 4.29601e+06 60361.4 1.14288e+09
7200 4.3771e+06 62228.7 1.17716e+09
7300 4.39374e+06 62397.9 1.21241e+09
7400 4.47354e+06 63942.1 1.24713e+09
7500 4.53803e+06 64403.7 1.2836e+09
7600 4.53909e+06 65273.6 1.31987e+09
7700 4.65407e+06 66237.3 1.35702e+09
7800 4.75842e+06 65399.2 1.39369e+09
7900 4.78068e+06 66978.4 1.43096e+09
8000 4.86737e+06 67827.9 1.46931e+09
8100 4.9076e+06 67655.8 1.50761e+09
8200 5.03364e+06 69570.7 1.54694e+09
8300 5.08702e+06 70195.7 1.58685e+09
8400 5.10764e+06 69893.6 1.62739e+09
8500 5.19014e+06 71055.9 1.66862e+09
8600 5.21637e+06 71857.9 1.70967e+09
8700 5.32693e+06 72880.1 1.7524e+09
8800 5.3358e+06 73455.1 1.79458e+09
8900 5.4088e+06 74022.5 1.83784e+09
9000 5.49023e+06 75421.5 1.88178e+09
9100 5.56095e+06 75350.6 1.92653e+09
9200 5.61563e+06 76822.1 1.9712e+09
9300 5.69623e+06 77977.8 2.01599e+09
9400 5.7511e+06 78372.8 2.06116e+09
9500 5.79795e+06 78257 2.10735e+09
9600 5.90418e+06 80082.9 2.15446e+09
9700 5.98083e+06 81329.4 2.20156e+09
9800 6.00611e+06 82163 2.24946e+09
9900 6.03578e+06 82761.3 2.29846e+09
