100 22083.4 82621.6 3393.4
200 69690.5 146853 7201.53
300 121500 218065 10358.1
400 179272 281597 14473.2
500 227804 352294 18310.4
600 289422 424671 23319.9
700 354066 492808 27696.5
800 401330 561363 32144.7
900 450296 641254 36928.8
1000 515497 707325 41055.9
1100 557110 840110 45699.3
1200 622501 1.00524e+06 50968.1
1300 670844 1.12992e+06 53858.2
1400 727506 1.27696e+06 61906.7
1500 783074 1.46465e+06 68172.4
1600 833108 1.53463e+06 72815.1
1700 878559 1.67581e+06 77867.5
1800 943637 1.80181e+06 82267.1
1900 976148 1.88879e+06 83786.3
2000 1.03349e+06 1.99424e+06 92095.4
2100 1.08088e+06 2.15814e+06 93335.9
2200 1.14353e+06 2.20259e+06 100460
2300 1.20901e+06 2.37876e+06 110477
2400 1.27852e+06 2.30726e+06 117222
2500 1.29888e+06 2.25374e+06 116456
2600 1.33599e+06 2.29381e+06 121468
2700 1.38159e+06 2.40522e+06 124514
2800 1.43827e+06 2.50547e+06 130275
2900 1.50095e+06 2.70251e+06 138337
3000 1.55137e+06 2.8501e+06 142740
3100 1.59752e+06 2.88537e+06 147916
3200 1.66015e+06 2.96871e+06 150402
3300 1.71381e+06 3.08874e+06 159073
3400 1.77131e+06 3.16726e+06 163362
3500 1.81799e+06 3.20359e+06 169051
3600 1.8518e+06 3.28387e+06 171027
3700 1.91268e+06 3.39748e+06 178980
3800 1.96257e+06 3.48143e+06 183029
3900 2.02404e+06 3.5318e+06 189234
4000 2.08787e+06 3.68865e+06 195771
4100 2.12891e+06 3.64418e+06 198731
4200 2.17942e+06 3.74308e+06 202751
4300 2.23032e+06 3.9037e+06 213625
4400 2.30858e+06 3.94169e+06 217495
4500 2.35143e+06 4.01469e+06 221057
4600 2.40707e+06 4.16952e+06 230127
4700 2.44676e+06 4.19618e+06 230272
4800 2.51572e+06 4.42041e+06 244991
4900 2.54993e+06 4.46931e+06 243542
5000 2.61451e+06 4.633e+06 250063
5100 2.69131e+06 4.80868e+06 256788
5200 2.71915e+06 4.81084e+06 262768
5300 2.77481e+06 4.9205e+06 267023
5400 2.81881e+06 4.9234e+06 276199
5500 2.88483e+06 5.04503e+06 283565
5600 2.91277e+06 5.07888e+06 283546
5700 2.99526e+06 5.13865e+06 294833
5800 3.02427e+06 5.14325e+06 293140
5900 3.10136e+06 5.24495e+06 305078
6000 3.16267e+06 5.25087e+06 304757
6100 3.21618e+06 5.37945e+06 313571
6200 3.22964e+06 5.32693e+06 315186
6300 3.32581e+06 5.45295e+06 325242
6400 3.37123e+06 5.50281e+06 330530
6500 3.41541e+06 5.67452e+06 332890
6600 3.45438e+06 5.6448e+06 331851
6700 3.50239e+06 5.73263e+06 340710
6800 3.56032e+06 5.83313e+06 355002
6900 3.62462e+06 6.05315e+06 362321
7000 3.6947e+06 6.05092e+06 364577
7100 3.71209e+06 6.07961e+06 361638
7200 3.79826e+06 6.22209e+06 381899
7300 3.85582e+06 6.28222e+06 379457
7400 3.88067e+06 6.48643e+06 395139
7500 3.96058e+06 6.42767e+06 392923
7600 3.98628e+06 6.56097e+06 394738
7700 4.04105e+06 6.60402e+06 407709
7800 4.12403e+06 6.58954e+06 405934
7900 4.18889e+06 6.73773e+06 413180
8000 4.20459e+06 6.81449e+06 423198
8100 4.26542e+06 6.80483e+06 426199
8200 4.35089e+06 7.00669e+06 428655
8300 4.40472e+06 7.07213e+06 435926
8400 4.4291e+06 7.05797e+06 444395
8500 4.49085e+06 7.21688e+06 440800
8600 4.59092e+06 7.32609e+06 459725
8700 4.60365e+06 7.33325e+06 468036
8800 4.7054e+06 7.45858e+06 463978
8900 4.72878e+06 7.57839e+06 479726
9000 4.76083e+06 7.58128e+06 487926
9100 4.82508e+06 7.63299e+06 486517
9200 4.87333e+06 7.76122e+06 484188
9300 4.93858e+06 7.77525e+06 492553
9400 4.98017e+06 7.96417e+06 511596
9500 5.04978e+06 7.94674e+06 510353
9600 5.11649e+06 8.22476e+06 524088
9700 5.19418e+06 8.22926e+06 524879
9800 5.24289e+06 8.32628e+06 530462
9900 5.24313e+06 8.37729e+06 546034
